id_stacji	stacja	data_pomiaru	godzina_pomiaru	temperatura	predkosc_wiatru	kierunek_wiatru	wilgotnosc_wzgledna	suma_opadu	cisnienie	SO2	PM10	C6H6	CO	NO2	O3	PM2.5	PM10	PM2.5	
12330	Poznań	2022-01-23	22	1.1	0	0	100.0	0	1034.6	10.036	103.748	0.51188	897.67	34.3023	None	76.0786	101.284	98.2344	
12330	Poznań	2022-01-23	23	1	1	230	100.0	0	1034.3	None	None	None	None	None	None	None	None	None	
12330	Poznań	2022-01-24	0	1	1	180	100.0	0	1034.6	8.51303	69.4208	0.46392	736.03	31.0859	None	55.4491	98.9384	96.1344	
12330	Poznań	2022-01-24	1	0.9	1	210	100.0	0	1034.6	None	None	None	None	None	None	None	None	None	

12330	Poznań	2022-01-24	2	1	1	230	100.0	0	1034.3	8.43464	50.7206	0.37954	609.8299999999999	29.8405	None	43.936	83.97	81.7376	
12330	Poznań	2022-01-24	3	1	1	250	100.0	0	1034.5	None	None	None	None	None	None	None	None	None	
12330	Poznań	2022-01-24	4	1.1	2	240	100.0	0	1034.5	8.79854	28.6464	0.34155	394.39000000000004	32.9007	6.61333	24.7957	59.6478	57.8713	
12330	Poznań	2022-01-24	5	1.1	2	220	100.0	0	1034.3	8.85558	34.7589	0.26032	451.11	40.1345	1.995	29.7382	48.9864	46.9758	
12330	Poznań	2022-01-24	6	1.1	1	220	100.0	0	1034.7	10.155	46.5764	0.2683	574.9499999999999	44.2644	None	39.2516	46.1636	44.264	
12330	Poznań	2022-01-24	7	1.2	2	240	100.0	0	1035	None	None	None	None	None	None	None	None	None	
12330	Poznań	2022-01-24	7	1.2	2	240	100.0	0	1035	None	None	None	None	None	None	None	None	None	
12330	Poznań	2022-01-24	8	1.3	2	210	100.0	0	1035.3	7.38874	45.4578	0.30257	436.37	43.1554	2.34222	37.5789	54.083	45.8474	
12330	Poznań	2022-01-24	8	1.3	2	210	100.0	0	1035.3	7.38874	45.4578	0.30257	436.37	43.1554	2.34222	37.5789	54.083	45.8474	
12330	Poznań	2022-01-24	8	1.3	2	210	100.0	0	1035.3	7.38874	45.4578	0.30257	436.37	43.1554	2.34222	37.5789	54.083	45.8474	
12330	Poznań	2022-01-24	9	1.7	3	230	100.0	0	1035.1	7.79476	36.8194	0.28964	316.24	41.578	8.46667	30.4004	45.4132	39.1439	
12330	Poznań	2022-01-24	10	2.4	3	240	99.3	0	1035	None	None	None	None	None	None	None	None	None	
12330	Poznań	2022-01-24	11	2.8	3	220	97.2	0	1034.5	9.22702	21.9217	0.209	157.12	21.5705	33.8011	17.8981	27.8906	22.3251
12330	Poznań	2022-01-24	12	3	4	220	93.1	0	1034.1	8.45067	17.0478	0.16871	132.52	19.2703	38.0589	14.1956	26.54	20.8244	
12330	Poznań	2022-01-24	13	3	4	220	95.1	0	1033.7	8.38476	16.8786	0.14153	115.86	19.2618	40.1433	13.9289	20.5304	15.188	
12330	Poznań	2022-01-24	14	2.8	4	230	97.2	0	1033.7	8.15076	18.8922	0.13352	130.53	22.3704	33.2339	15.7823	16.1836	11.5239	
12330	Poznań	2022-01-24	15	2.8	2	230	97.9	0	1033.6	None	None	None	None	None	None	None	None	None	
12330	Poznań	2022-01-24	16	2.7	3	220	99.3	0	1033.4	7.87493	30.4981	0.14164	223.29	30.7253	17.9611	25.4295	28.6738	24.3774	
12330	Poznań	2022-01-24	17	2.8	2	240	99.3	0	1033.4	8.54377	50.4519	0.16713	260.59	34.6752	11.4294	32.8157	38.3683	33.8849	
12330	Poznań	2022-01-24	18	2.8	2	230	99.3	0	1033.1	8.47557	63.0147	0.1816	301.53999999999996	31.3016	10.1206	40.4522	43.7539	41.2922	
12330	Poznań	2022-01-24	19	2.8	3	230	99.3	0	1032.9	None	None	None	None	None	None	None	None	None	
12330	Poznań	2022-01-24	20	3.3	4	260	100.0	0	1032.8	9.13636	62.2131	0.2351	350.26	29.6089	8.07167	44.1781	40.22	38.4151	
12330	Poznań	2022-01-24	21	3.1	4	280	100.0	0	1032.8	8.437	25.4561	0.25478	183.94	20.1153	27.4667	21.9078	30.4412	29.1144	
12330	Poznań	2022-01-24	22	2.9	4	260	99.3	0	1032.4	8.09386	13.4231	0.17137	98.4	12.4498	38.8611	11.4705	11.3919	10.7152	
12330	Poznań	2022-01-24	23	2.6	4	280	97.9	0	1032.2	None	None	None	None	None	None	None	None	None	
12330	Poznań	2022-01-25	0	2.5	4	280	97.9	0	1031.8	8.26152	12.3933	0.10597	67.34	8.76333	40.8306	10.6035	8.22429	7.60373	
12330	Poznań	2022-01-25	1	2.1	5	270	97.9	0	1031.6	None	None	None	None	None	None	None	None	None	
12330	Poznań	2022-01-25	2	1.9	3	270	97.9	0	1031.1	None	None	None	None	None	None	None	None	None	
12330	Poznań	2022-01-25	3	1.9	4	260	97.2	0	1030.7	8.75088	10.6264	0.07275	59.31	7.84664	39.1417	9.17463	5.82798	5.43889	
12330	Poznań	2022-01-25	4	2	4	270	95.8	0	1030.6	8.99582	11.0656	0.07314	46.5	9.05438	38.3139	9.48342	8.31914	7.58467	
12330	Poznań	2022-01-25	5	2.1	4	260	95.1	0	1030	8.31679	13.9933	0.06842	72.25	13.5232	34.8622	11.9781	10.8094	9.78859	
12330	Poznań	2022-01-25	6	2.1	4	270	95.1	1.6	1030.1	None	None	None	None	None	None	None	None	None	
12330	Poznań	2022-01-25	7	2	4	270	95.8	1.6	1030	8.43139	16.9289	0.05823	87.31	21.1611	27.82	14.2703	14.1793	12.7625	
12330	Poznań	2022-01-25	8	2.2	4	280	95.8	1.6	1030	9.54098	21.4108	0.07094	103.62	24.2537	25.8828	17.1937	15.6005	13.3546	
12330	Poznań	2022-01-25	9	2.6	5	280	95.8	1.6	1029.6	9.88766	18.8611	0.08257	87.04	24.9027	28.3411	15.4407	15.9951	13.1887	
12330	Poznań	2022-01-25	10	3	5	280	95.1	1.6	1029.4	None	None	None	None	None	None	None	None	None	
12330	Poznań	2022-01-25	11	3.3	5	280	93.8	1.6	1029.1	9.6306	15.4461	0.07799	76.35	21.8488	33.6928	12.9806	14.0582	11.4368	
12330	Poznań	2022-01-25	12	3.5	5	270	95.1	1.6	1028.8	9.51376	16.8958	0.07642	89.82	23.9616	31.3011	13.9345	14.1596	11.55	
12330	Poznań	2022-01-25	13	3.7	5	280	95.8	1.6	1028.3	9.19067	17.3789	0.07894	83.11	22.508	31.7111	14.781	14.2826	11.8477	
12330	Poznań	2022-01-25	14	3.6	5	280	95.1	1.6	1028	None	None	None	None	None	None	None	None	None	
12330	Poznań	2022-01-25	15	3.6	5	290	95.8	1.6	1028.3	9.21372	17.3233	0.08164	117.42	24.8666	27.5156	14.1892	13.102	10.9065	
12330	Poznań	2022-01-25	16	3.5	4	270	95.8	1.6	1028.6	9.61331	18.7817	0.08833	131.06	29.7364	22.0944	15.9977	14.3923	12.1266	
12330	Poznań	2022-01-25	17	3.5	4	270	97.2	1.6	1028.6	None	None	None	None	None	None	None	None	None	
12330	Poznań	2022-01-25	18	3.5	4	270	97.2	1.6	1028.5	9.79338	17.825	0.09473	107.82	17.9962	30.0633	15.502	13.7534	12.5903	
12330	Poznań	2022-01-25	19	3.5	4	270	97.2	1.6	1028.3	9.81555	17.5897	0.0964	109.17999999999999	15.8563	31.9533	15.2436	12.8571	12.3017	
12330	Poznań	2022-01-25	20	3.6	4	270	97.2	1.6	1028.1	8.8612	16.3294	0.09346	111.68	14.9933	32.2522	14.2126	12.6566	11.6425	
12330	Poznań	2022-01-25	21	3.5	4	270	97.2	1.6	1028	None	None	None	None	None	None	None	None	None	
12330	Poznań	2022-01-25	22	3.6	3	280	97.2	1.6	1027.7	9.98387	15.8464	0.08865	120.80000000000001	13.4499	29.8483	13.7388	10.4278	9.88539	
12330	Poznań	2022-01-25	23	3.5	5	300	95.8	1.6	1027.6	10.0467	14.3728	0.08411	106.99	13.059	36.2044	12.3574	10.8453	10.0486	
12330	Poznań	2022-01-26	0	3.6	4	280	97.2	1.6	1027.2	9.26877	10.38	0.07693	73.28	8.89611	46.3983	8.90672	5.98499	5.18026	
12330	Poznań	2022-01-26	1	3.4	3	270	97.2	1.6	1027	9.26877	10.38	0.07693	73.28	8.89611	46.3983	8.90672	5.98499	5.18026	
12330	Poznań	2022-01-26	1	3.4	3	270	97.2	1.6	1027	9.26877	10.38	0.07693	73.28	8.89611	46.3983	8.90672	5.98499	5.18026	
12330	Poznań	2022-01-26	2	3.5	4	280	97.2	1.6	1026.6	10.615	11.8331	0.06757	82.14	9.88504	36.4022	10.2015	7.14361	6.57581	
12330	Poznań	2022-01-26	3	3.4	4	280	97.9	1.6	1026.4	10.3459	14.1706	0.06709	77.58	9.35393	34.8094	12.1362	9.47597	8.72696	
12330	Poznań	2022-01-26	4	3.8	4	260	97.9	1.6	1026.2	10.2593	11.1572	0.06729	67.46000000000001	10.9398	36.745	9.47515	8.09624	7.42237	
12330	Poznań	2022-01-26	5	3.9	5	270	97.9	1.6	1025.7	10.9106	11.1867	0.06215	64.32000000000001	12.8072	30.4389	9.66763	8.36839	7.69211	
12330	Poznań	2022-01-26	6	3.9	6	270	97.9	1.5	1025.5	10.2469	9.89111	0.05801	73.48	15.8484	26.135	8.61424	7.19114	6.80094	
12330	Poznań	2022-01-26	7	3.9	6	280	97.9	1.5	1025.4	9.70627	10.7656	0.05836	72.82	17.1236	26.5589	9.33937	7.64096	6.92558	
12330	Poznań	2022-01-26	8	3.9	6	280	97.9	1.5	1025.5	10.6951	11.5956	0.06217	69.2	17.464	26.3389	9.81898	10.0776	8.21023	
12330	Poznań	2022-01-26	9	3.9	6	280	97.2	1.5	1025.6	10.8127	10.8864	0.06495	70.93	19.4365	24.4172	9.22525	9.77536	7.27941	
12330	Poznań	2022-01-26	10	3.8	6	280	95.8	1.5	1025.6	10.4616	10.2639	0.06559	70.05	19.6867	30.9056	8.69916	8.54163	6.18363	
12330	Poznań	2022-01-26	11	3.7	6	280	95.1	1.5	1025.2	10.7263	12.7433	0.0687	66.0	20.742	31.1539	10.7446	13.3522	8.1986	
12330	Poznań	2022-01-26	12	4	7	280	88.6	1.5	1025.1	10.8504	8.8325	0.06651	71.34	18.5958	29.7428	7.45013	11.3826	7.73327	
12330	Poznań	2022-01-26	13	3.4	7	280	93.8	1.5	1024.9	10.3671	8.74667	0.06357	83.89	22.4841	28.9194	7.37275	8.41879	5.32314	
12330	Poznań	2022-01-26	14	3	6	280	95.1	1.5	1024.5	10.0749	9.08306	0.07039	72.76	19.1046	32.0456	7.6959	8.97169	5.83577	
12330	Poznań	2022-01-26	15	2.9	7	270	89.1	1.5	1023.8	11.2304	10.3975	0.06651	83.26	18.8141	35.3572	8.67361	12.0842	8.08521	
12330	Poznań	2022-01-26	16	2.5	6	270	89.1	1.5	1023.8	10.7957	8.47278	0.06924	81.52	17.9133	34.5067	7.30973	9.29978	6.69542	
12330	Poznań	2022-01-26	17	2.2	7	270	91.0	1.5	1023.7	11.5533	8.47583	0.07121	91.7	16.8224	34.4456	7.39927	7.49686	6.38585	
12330	Poznań	2022-01-26	18	2.1	7	260	87.8	1.5	1023	10.7281	9.93917	0.07048	95.27	15.1441	35.2928	8.64319	7.48231	6.42134	
12330	Poznań	2022-01-26	19	2	6	260	84.0	1.5	1023	12.8196	9.62167	0.07312	90.83	15.5801	34.7494	8.34681	10.0346	7.71615	
12330	Poznań	2022-01-26	20	1.6	6	260	89.7	1.5	1022.8	11.9622	11.5011	0.07293	80.72999999999999	15.8266	32.6144	10.0083	13.0459	8.96547	
12330	Poznań	2022-01-26	21	1.6	7	260	89.7	1.5	1022.5	12.2931	15.1019	0.06847	90.46	14.9572	30.6272	13.0957	20.4074	12.98	
12330	Poznań	2022-01-26	22	1.5	6	260	93.0	1.5	1022.5	12.2312	16.8928	0.06785	91.59	14.9115	26.1911	14.6547	27.5547	16.2648	
12330	Poznań	2022-01-26	23	1.5	6	260	95.7	1.5	1021.9	12.6401	22.4475	0.06486	91.28	16.4735	22.7161	19.4019	27.2912	18.9119	
12330	Poznań	2022-01-27	0	1.6	6	260	95.8	1.5	1021.2	11.9161	28.5039	0.06389	100.27	16.5484	20.6311	24.5908	26.4971	24.79	
12330	Poznań	2022-01-27	1	1.8	6	250	95.8	1.5	1020.8	11.9161	28.5039	0.06389	100.27	16.5484	20.6311	24.5908	26.4971	24.79	
12330	Poznań	2022-01-27	2	2.1	6	250	93.7	1.5	1020.3	12.8228	25.2808	0.06159	117.56	15.3672	21.165	22.0241	24.6626	23.622	
12330	Poznań	2022-01-27	3	2.2	7	250	93.0	1.5	1019.6	13.2563	22.7328	0.06288	115.64	15.2147	21.8861	19.8506	20.6821	19.9379	
12330	Poznań	2022-01-27	4	2.1	6	250	93.7	1.5	1018.9	12.4331	21.3125	0.06123	126.22	16.5542	21.2417	18.6729	18.0221	17.363	
12330	Poznań	2022-01-27	5	2.2	6	250	93.0	1.5	1018.3	13.3219	23.7544	0.06154	125.18	17.3519	22.2389	20.7466	20.5323	19.943	
12330	Poznań	2022-01-27	6	2	5	240	95.1	0.2	1017.5	13.6279	18.9956	0.06403	137.96	20.0303	21.2256	16.6201	16.796	16.2681	
12330	Poznań	2022-01-27	7	2.1	7	240	95.8	0.2	1016.5	13.5765	16.3658	0.06712	129.45999999999998	22.1011	21.2083	14.2946	13.8511	12.8024	
12330	Poznań	2022-01-27	8	2.2	7	240	95.1	0.2	1015.8	13.6303	17.0044	0.06712	118.75	21.3687	25.0756	14.7453	16.9446	13.7832	
12330	Poznań	2022-01-27	9	1.9	7	240	95.1	0.2	1015.2	13.7258	15.8044	0.06828	121.34	21.8	24.8822	13.625	32.8512	13.2417	
12330	Poznań	2022-01-27	10	2	7	250	93.7	0.2	1014.4	14.2447	13.7564	0.07787	119.87	20.836	24.2611	12.0226	14.1997	9.35257	
12330	Poznań	2022-01-27	11	2.1	8	250	93.0	0.2	1013.6	13.3464	16.7864	0.07789	123.63000000000001	21.3985	21.1678	14.5708	16.8768	11.2653	
12330	Poznań	2022-01-27	12	2.1	8	250	93.0	0.2	1012.8	13.8253	18.0019	0.07502	120.92	18.5751	22.3072	15.5738	28.3533	15.3466	
12330	Poznań	2022-01-27	13	2.3	8	250	95.1	0.2	1011.8	13.742	16.8889	0.07222	111.5	18.4126	25.3133	14.6199	17.3485	13.0243	
