id_stacji	stacja	data_pomiaru	godzina_pomiaru	temperatura	predkosc_wiatru	kierunek_wiatru	wilgotnosc_wzgledna	suma_opadu	cisnienie	CO	NO2	PM10	PM2.5	C6H6	NO2	O3	PM10	SO2	C6H6	C6H6	CO	NO2	PM10	PM2.5	SO2	
12566	Kraków	2022-01-24	1	-4.8	2	10	80.6	0.1	1036.4	None	None	None	None	None	None	None	None	None	None	None	None	None	None	None	None
12566	Kraków	2022-01-24	2	-7.4	1	10	86.2	0.1	1036.8	None	None	None	None	None	None	None	None	None	None	None	None	None	None	None	None	
12566	Kraków	2022-01-24	3	-8.7	1	20	88.8	0.1	1037.2	609.02	40.7607	50.3187	30.4247	0.95318	50.9803	2.08001	None	3.36712	0.40563	0.84953	642.55	22.1356	33.6243	25.0163	3.16016	
12566	Kraków	2022-01-24	4	-9.3	1	10	90.9	0.1	1037.7	650.8000000000001	42.8991	40.6503	29.6247	0.80883	53.7415	2.11618	None	2.28982	0.45306	0.84953	770.55	42.0953	35.9343	27.453	3.55455	
12566	Kraków	2022-01-24	5	-10.3	2	40	93.1	0.1	1038	None	None	None	None	None	None	None	None	None	None	None	None	None	None	None	None	
12566	Kraków	2022-01-24	7	-8.8	0	0	88.8	0	1038.8	1378.82	71.5449	57.4983	41.6683	3.04119	100.66	2.21136	None	3.86291	1.87326	error	1214.23	46.2816	63.9785	47.002	6.17589	
12566	Kraków	2022-01-24	8	-8.8	0	0	88.8	0	1038.8	1378.82	71.5449	57.4983	41.6683	3.04119	100.66	2.21136	None	3.86291	1.87326	error	1214.23	46.2816	63.9785	47.002	6.17589	
12566	Kraków	2022-01-24	9	-5.4	0	0	78.7	0	1038.5	1386.2	74.4188	77.128	49.6928	3.32393	75.481	4.24069	None	6.44902	1.3419	error	1115.92	44.9107	94.3812	68.1634	20.1089	
12566	Kraków	2022-01-24	10	-2.9	0	0	72.1	0	1038.1	1321.3600000000001	74.8665	127.602	60.6783	4.13858	60.339	9.23039	None	7.95118	0.8883	error	1120.34	47.2264	100.522	73.1425	25.0667	
12566	Kraków	2022-01-24	11	-3.2	1	320	69.8	0	1037.6	1072.32	74.9233	135.695	52.9442	2.60495	None	None	None	None	None	error	819.32	33.1371	70.757	48.9599	12.4194
12566	Kraków	2022-01-24	12	-2.1	0	0	65.8	0	1036.9	950.5400000000001	73.6035	124.446	48.2325	1.91702	23.0423	34.8979	None	5.63107	0.3915	error	705.54	26.0361	41.4521	30.1203	9.6119	
12566	Kraków	2022-01-24	13	-0.8	0	0	59.8	0	1036.8	1085.49	80.4049	134.893	48.4436	1.81288	33.6921	29.5249	None	6.07662	0.37368	1.2591	662.47	30.9659	42.4179	30.3702	17.6276	
12566	Kraków	2022-01-24	14	-1.3	1	230	59.7	0	1036.3	990.7700000000001	78.6491	133.223	45.6731	1.40599	47.4627	22.0937	None	5.84461	0.38016	1.04263	692.6600000000001	45.2602	45.3517	29.893	25.416	
12566	Kraków	2022-01-24	14	-1.3	1	230	59.7	0	1036.3	1064.06	85.5142	115.308	48.0594	1.72745	None	None	None	None	None	1.08005	712.4200000000001	54.4915	51.4228	31.4578	18.2757	
12566	Kraków	2022-01-24	16	-2.1	1	260	67.9	0	1036.2	1204.06	93.2397	125.928	54.8681	2.34468	79.4983	5.44981	None	6.0781	0.64422	1.01472	696.68	57.3207	46.6709	28.1169	13.5526	
12566	Kraków	2022-01-24	17	-2.2	1	270	67.9	0	1036.1	None	None	None	None	None	None	None	None	None	None	None	None	None	None	None	None	
12566	Kraków	2022-01-24	18	-2.2	1	190	70.6	0	1036.1	1117.93	89.0833	126.386	55.3633	2.08611	95.5533	2.56369	None	5.99017	1.14588	1.22362	781.5699999999999	68.7874	56.8563	29.9958	7.82372	
12566	Kraków	2022-01-24	19	-2.5	2	210	71.6	0	1036	1155.69	84.8465	124.679	56.9978	2.31407	None	3.20728	None	None	1.43154	1.48854	1000.34	73.902	79.8292	45.5901	11.7944	
12566	Kraków	2022-01-24	20	-2.4	2	220	72.7	0	1035.7	1115.81	71.7475	141.279	78.0294	3.07542	75.8076	3.86778	None	11.2518	1.85544	2.08249	1026.1	75.0279	69.4838	42.2723	10.5012	
12566	Kraków	2022-01-24	21	-2.4	2	200	73.9	0	1035.6	None	None	None	None	None	61.4363	7.64819	None	15.946	2.2815	None	None	None	None	None	None	
12566	Kraków	2022-01-24	22	-2.1	3	200	73.9	0	1035.3	1224.33	54.4272	133.983	91.7086	4.16599	61.2063	6.69923	None	19.0958	2.79828	2.54566	1017.15	36.2409	92.7383	75.2551	21.7281	
12566	Kraków	2022-01-24	23	-1.9	2	200	75.7	0	1034.6	1364.88	50.3079	150.159	109.673	5.77021	51.3885	11.1998	None	17.6365	2.69837	3.40473	1146.46	34.638	110.692	92.4316	28.8856	
12566	Kraków	2022-01-25	0	-1.4	2	210	76.9	0	1033.9	None	None	None	None	None	None	None	None	None	None	None	None	None	None	None	None	
12566	Kraków	2022-01-25	1	-0.4	6	250	85.0	0	1033.6	None	None	None	None	None	None	None	None	None	None	None	None	None	None	None	None	
12566	Kraków	2022-01-25	2	-0.4	5	240	86.9	0	1033.1	756.9	20.4133	56.101	45.2494	3.67111	28.4952	21.9006	None	20.1938	1.674	3.46004	926.12	22.6545	72.0539	59.9912	23.7759	
12566	Kraków	2022-01-25	3	-0.6	4	230	94.3	0	1032.7	None	None	None	None	None	None	None	None	None	None	None	None	None	None	None	None	
12566	Kraków	2022-01-25	4	-0.5	4	240	95.0	0	1032.5	675.84	25.373	40.5333	32.3181	0.96591	18.7896	26.4213	None	11.707	0.51786	1.0521	773.71	17.2824	34.4211	27.5685	15.9948	
12566	Kraków	2022-01-25	5	-0.4	4	230	95.0	0	1032	None	None	None	None	None	None	None	None	None	None	None	None	None	None	None	None	
12566	Kraków	2022-01-25	6	-0.3	5	230	90.2	0.01	1031.3	899.7199999999999	60.3114	41.0233	32.4497	1.05695	31.9516	16.6268	None	9.54053	0.10314	0.87373	825.02	26.3063	33.6687	26.4482	11.7438	
12566	Kraków	2022-01-25	7	-0.2	5	240	92.9	0.01	1031.2	906.28	52.6082	39.152	31.4989	1.45394	42.8803	9.26334	None	9.12897	0.34236	0.94804	843.72	32.9246	33.4626	26.9572	11.7578	
12566	Kraków	2022-01-25	8	0.1	6	240	92.9	0.01	1031.1	835.56	43.2473	35.8123	29.3106	1.20506	37.5059	11.935	None	9.76146	0.39798	0.76538	816.1800000000001	29.1966	30.6969	25.0788	10.3536	
12566	Kraków	2022-01-25	9	0.4	5	250	92.3	0.01	1030.9	809.74	42.1049	36.3587	29.7997	1.21719	36.9635	12.802	None	9.9883	0.33264	0.80694	827.1800000000001	30.9686	33.0651	26.3336	12.3675	
12566	Kraków	2022-01-25	10	0.6	5	230	93.0	0.01	1030.6	846.3000000000001	44.8125	39.3537	31.7406	1.32616	32.201	16.5114	None	10.7782	0.22302	0.8287	854.29	32.8742	34.0179	27.5815	12.314	
12566	Kraków	2022-01-25	11	0.7	5	230	93.0	0.01	1030.2	937.69	53.6119	42.9563	32.9925	1.47094	29.2472	17.5812	None	13.8098	0.27027	0.82551	839.5899999999999	30.7126	32.5159	26.6145	14.4165	
12566	Kraków	2022-01-25	12	1	5	220	93.0	0.01	1029.3	869.5500000000001	47.6794	42.3883	34.3269	1.43071	31.3924	18.0686	None	12.3816	0.18225	0.81171	831.98	31.9453	34.3054	28.0986	14.3287	
12566	Kraków	2022-01-25	13	1.2	4	230	91.6	0.01	1029.1	853.93	48.7374	42.7153	34.795	1.69111	34.8754	16.8528	None	13.9347	0.30105	0.99745	848.74	37.5703	35.6741	29.671	14.0646	
12566	Kraków	2022-01-25	14	1.2	5	230	91.6	0.01	1029.1	None	None	None	None	None	40.4409	13.7544	None	11.7498	0.3195	1.23522	906.79	41.9711	38.312	31.4195	14.4233	
12566	Kraków	2022-01-25	15	1.2	4	220	91.6	0.01	1029.2	949.36	57.8178	48.2187	39.1664	1.96386	44.9708	9.02959	None	9.53093	0.3834	1.09601	892.16	47.0745	40.7671	33.1822	12.7627	
12566	Kraków	2022-01-25	16	1.1	4	240	93.0	0.01	1029.4	1047.04	58.9326	51.564	41.7703	2.0634	48.4108	7.95963	None	9.34621	0.57015	1.21131	908.61	49.3206	45.0392	36.18	11.259	
12566	Kraków	2022-01-25	17	0.9	4	220	93.7	0.01	1029.5	None	None	None	None	None	None	None	None	None	None	None	None	None	None	None	None	
12566	Kraków	2022-01-25	18	0.8	5	220	95.0	0.01	1029.6	None	None	None	None	None	39.1397	12.013	None	9.78511	0.48555	1.33892	845.82	38.3059	43.9199	37.2669	11.1036	
12566	Kraków	2022-01-25	19	0.8	5	220	95.7	0.01	1029.3	827.4899999999999	43.3928	52.966	43.4672	2.10288	33.5498	15.3905	None	9.34842	0.54675	1.26123	819.56	34.8276	44.3431	37.5154	11.7937	
12566	Kraków	2022-01-25	20	0.8	4	230	97.1	0.01	1029.4	806.47	38.7635	51.5923	42.3797	1.90296	28.8133	18.1156	None	8.79352	0.34965	1.14897	822.73	32.1901	45.8844	39.009	10.1569	
12566	Kraków	2022-01-25	21	0.8	4	230	97.1	0.01	1029.4	771.47	36.4524	50.2273	41.0383	1.773	28.56	16.6518	None	7.65489	0.3771	1.26268	825.5799999999999	30.8302	42.4577	36.1759	8.75814	
12566	Kraków	2022-01-25	22	0.7	4	230	97.1	0.01	1029	748.87	33.4382	46.9783	38.4997	1.82931	26.5035	17.6345	None	7.12954	0.4392	1.26048	818.35	29.0427	41.1591	35.2324	9.33381	
12566	Kraków	2022-01-25	23	0.9	4	230	97.1	0.01	1028.7	679.7299999999999	26.8227	41.9403	34.5314	1.5865	23.6679	18.2897	None	6.62414	0.44235	1.10675	774.2099999999999	25.1147	37.1644	31.4622	9.06586	
12566	Kraków	2022-01-26	0	0.8	4	220	97.1	0.01	1028.4	620.09	24.17	38.184	31.4878	1.23179	21.1397	19.3823	None	7.73026	0.33148	1.10448	739.36	22.7008	32.5979	28.1732	8.87169	
12566	Kraków	2022-01-26	1	0.9	4	230	97.1	0.01	1028.4	620.09	24.17	38.184	31.4878	1.23179	21.1397	19.3823	38.3693	7.73026	0.33148	1.10448	739.36	22.7008	32.5979	28.1732	8.87169	
12566	Kraków	2022-01-26	1	0.9	4	230	97.1	0.01	1028.4	620.09	24.17	38.184	31.4878	1.23179	21.1397	19.3823	38.3693	7.73026	0.33148	1.10448	739.36	22.7008	32.5979	28.1732	8.87169	
12566	Kraków	2022-01-26	2	0.8	4	220	97.1	0.01	1028.1	573.8299999999999	19.1588	31.5127	26.0042	0.79106	17.4502	20.7638	30.4505	7.32978	0.0648	0.79082	695.0600000000001	18.8555	25.3173	21.7543	8.60383	
12566	Kraków	2022-01-26	3	0.8	4	220	97.1	0.01	1027.9	531.3299999999999	17.8719	28.3893	23.2664	0.66785	15.6603	22.0954	27.9284	7.22855	0.1944	0.8175	688.6	17.6722	26.3274	22.6602	8.1987	
12566	Kraków	2022-01-26	4	0.9	4	230	97.1	0.01	1027.7	531.4499999999999	26.6825	32.0627	25.4022	0.51361	16.4293	21.8857	18.2875	7.26993	0.0648	0.54102	656.25	15.4367	23.0854	19.6416	7.76047	
12566	Kraków	2022-01-26	5	0.7	3	230	97.1	0.01	1027.7	590.6	36.6435	39.387	30.2756	0.49231	20.6387	20.0229	18.8158	6.73276	0.50445	0.4531	689.38	19.8567	23.8617	19.7435	7.84059	
12566	Kraków	2022-01-26	6	0.8	4	220	97.1	1.1	1027.4	771.95	49.8198	36.5997	28.2339	0.73424	24.023	17.9087	27.5353	6.25987	0.50445	0.50688	688.87	24.0036	21.6016	17.9415	7.24261	
12566	Kraków	2022-01-26	7	0.9	4	220	97.1	1.1	1027.3	781.59	47.8568	34.853	26.875	0.95483	28.9275	15.1172	30.773	5.67688	0.54711	0.59042	741.4300000000001	34.3915	25.5329	19.8444	6.03355	
12566	Kraków	2022-01-26	8	1	4	220	97.1	1.1	1027.3	750.9	44.5289	34.7453	27.68	0.92346	30.8655	14.8888	31.847	6.35888	0.37395	0.57124	713.31	33.5421	24.4341	18.6315	7.5054	
12566	Kraków	2022-01-26	9	1	4	230	97.1	1.1	1027.3	739.22	53.835	37.6293	30.0461	0.89472	32.3309	16.1825	28.9848	6.80517	0.60048	0.52387	711.25	30.7246	28.3459	22.8298	7.60654	
12566	Kraków	2022-01-26	10	1.4	4	210	95.7	1.1	1027.3	726.61	52.2751	39.9447	30.9981	0.83866	31.6293	16.9228	21.6329	7.13914	0.324	0.54493	721.45	30.8283	28.3899	22.7978	7.27313	
12566	Kraków	2022-01-26	11	1.4	5	220	97.1	1.1	1026.9	787.64	49.1416	50.702	36.3517	0.96298	32.3542	15.9711	32.4791	8.63244	0.15048	0.54349	732.99	31.7758	33.886	27.0298	7.43459	
12566	Kraków	2022-01-26	12	1.5	4	210	97.1	1.1	1026.5	772.2	48.8304	43.952	34.9228	1.23326	31.2283	16.2657	34.3115	8.73958	0.10872	0.71487	743.58	32.3771	34.956	28.1966	7.60615	
12566	Kraków	2022-01-26	13	1.7	5	230	95.8	1.1	1026	802.6600000000001	47.2227	51.7863	36.9947	1.40941	32.3882	16.5301	32.1885	9.32256	0.2268	0.71189	738.53	31.727	35.6548	28.58	6.80603	
12566	Kraków	2022-01-26	14	1.6	3	210	95.8	1.1	1025.8	786.6600000000001	51.9756	52.475	37.2797	1.25171	32.4599	16.2534	35.3506	7.48568	0.10971	0.8448	811.8100000000001	32.7356	33.9252	27.852	7.23829	
12566	Kraków	2022-01-26	15	1.3	4	220	95.7	1.1	1025.8	878.37	55.0194	53.966	39.2547	1.53834	37.386	14.0704	30.6017	7.96301	0.22158	0.91753	816.2199999999999	34.6481	35.2053	27.2196	6.72587	
12566	Kraków	2022-01-26	16	1	3	210	97.1	1.1	1026	928.0500000000001	58.3623	45.209	36.2469	1.87818	39.3766	12.9477	28.5567	7.448	0.37233	1.00595	817.4599999999999	39.3585	33.72	27.8487	7.13439	
12566	Kraków	2022-01-26	17	0.9	4	210	97.1	1.1	1026	886.51	52.0483	40.5537	32.8431	1.80134	36.8182	13.4793	31.9163	6.02786	0.24849	1.10162	817.57	37.9038	28.6895	24.6148	6.07312	
12566	Kraków	2022-01-26	18	0.8	4	210	97.1	1.1	1025.6	921.3	50.7111	40.2673	32.5692	1.70671	33.4308	14.7867	24.8423	8.59476	0.36054	1.0743	827.23	34.5929	28.0126	24.2515	7.8953	
12566	Kraków	2022-01-26	19	1.4	7	250	95.1	1.1	1025.6	857.25	49.4241	36.9797	30.1594	1.65675	30.5681	16.5055	24.9459	8.14921	0.23238	1.14589	811.8199999999999	32.4196	27.7309	23.7384	8.17179	
12566	Kraków	2022-01-26	20	1.4	6	240	91.7	1.1	1025.2	623.01	33.0601	24.5593	20.0822	0.93693	26.1443	19.5141	30.6251	7.73247	0.41364	0.87509	720.5899999999999	25.7966	25.1924	20.7155	8.15949	
12566	Kraków	2022-01-26	21	1.3	5	240	91.6	1.1	1025.3	587.29	28.5679	23.787	19.4039	0.59977	25.5751	19.2958	25.0455	7.77754	0.28332	0.56233	677.8199999999999	22.3396	19.2075	15.6005	7.95998	
12566	Kraków	2022-01-26	22	1.3	5	240	93.0	1.1	1025.1	736.18	32.0069	40.1083	32.7364	0.65263	22.1679	18.4796	31.1475	7.98739	0.396	0.61346	696.01	22.748	21.3849	17.0093	8.87902	
12566	Kraków	2022-01-26	23	1.3	6	250	91.0	1.1	1024.9	627.93	23.3009	42.7433	35.2569	1.10731	20.0218	18.5838	39.1901	8.49205	0.29016	0.63597	698.86	20.2863	28.9991	23.6847	7.3142	
12566	Kraków	2022-01-27	0	0.8	5	240	91.6	1.1	1024.6	604.72	22.5876	39.4493	32.4619	0.78827	19.7279	18.3763	38.1065	8.48909	0.21816	0.71788	674.52	17.4475	26.4343	21.8195	8.10236	
12566	Kraków	2022-01-27	1	0.7	5	250	93.6	1.1	1024.8	604.72	22.5876	39.4493	32.4619	0.78827	19.7279	18.3763	38.1065	8.48909	0.21816	0.71788	674.52	17.4475	26.4343	21.8195	8.10236	
12566	Kraków	2022-01-27	2	0.6	5	230	93.0	1.1	1024.4	555.8199999999999	18.9957	30.493	24.9642	0.66773	12.4131	25.1094	21.3168	6.8229	0.42331	0.76951	696.9300000000001	15.5144	26.3805	22.3246	6.91304	
12566	Kraków	2022-01-27	3	0.3	6	230	95.0	1.1	1024.1	507.49	17.2415	27.6667	22.5261	0.46281	13.9741	24.5747	15.8903	7.49012	0.1602	0.64286	648.54	11.4157	21.5242	18.0126	6.15875	
12566	Kraków	2022-01-27	4	0.2	6	230	95.0	1.1	1023.6	514.86	22.2764	26.8787	21.7411	0.37262	15.5217	23.8569	21.256	8.6317	0.15561	0.48126	639.1	10.1224	20.847	17.3993	6.76259	
12566	Kraków	2022-01-27	5	0.2	5	230	95.7	1.1	1023.3	555.59	25.0193	26.2287	21.0158	0.33859	19.1439	21.6394	14.39	8.3258	0.0	0.40315	651.77	12.8959	18.7432	15.2409	6.61157	
12566	Kraków	2022-01-27	6	0.3	5	220	93.6	0.5	1023	688.6999999999999	36.5908	26.7087	21.3153	0.42606	24.0078	17.6167	17.5738	7.98222	0.0	0.41765	679.59	16.3704	19.5294	15.9126	7.17654	
12566	Kraków	2022-01-27	7	0.4	4	220	92.3	0.5	1022.2	831.26	49.0423	35.7203	25.8572	0.67602	35.9716	8.89076	13.761	9.27971	0.39384	0.4802	747.25	22.9891	21.9907	17.5725	9.378	
12566	Kraków	2022-01-27	8	0.8	5	240	89.0	0.5	1021.6	937.63	51.8003	33.339	26.0725	0.80944	42.8219	6.59889	24.952	9.57083	0.89172	0.42198	814.48	30.0497	24.0246	18.6528	11.1736	
12566	Kraków	2022-01-27	9	1.3	5	230	87.1	0.5	1021.2	828.47	46.4281	31.021	24.7911	0.93594	31.0286	12.9408	18.9026	10.8742	0.67698	0.71861	789.76	27.749	26.3079	20.5228	13.1166	
12566	Kraków	2022-01-27	10	1.8	7	230	84.6	0.5	1020.5	790.07	39.8418	31.248	25.22	0.7774	30.2277	14.044	25.1727	14.1157	0.45936	0.65734	767.51	24.1024	25.6778	20.3083	12.133	
12566	Kraków	2022-01-27	11	1.5	9	230	82.1	0.5	1019.3	682.53	32.7605	27.4433	20.9803	0.77876	23.9908	18.0797	22.004	12.7503	0.24192	0.81569	731.72	20.3904	24.3976	18.99	11.349	
12566	Kraków	2022-01-27	12	1.6	8	240	79.7	0.5	1018.8	663.8100000000001	35.414	30.7287	19.3133	0.56864	24.1512	19.0416	20.4552	12.7643	0.51246	0.60132	702.6700000000001	19.5943	19.4696	14.9016	7.56348	
12566	Kraków	2022-01-27	13	1.6	8	230	79.7	0.5	1017.4	667.86	36.7874	45.4313	21.8239	0.67583	24.8006	20.6253	18.1975	9.94471	0.86868	0.53605	704.23	20.3097	17.8404	12.4028	7.17869	
12566	Kraków	2022-01-27	14	1.6	7	240	79.7	0.5	1016.7	728.26	48.8967	56.8907	24.71	0.62183	30.7105	16.8182	18.8354	11.3286	0.80118	0.56609	718.75	23.764	20.0425	14.1007	7.61418	
12566	Kraków	2022-01-27	15	1.6	7	240	82.7	0.5	1016.6	874.8000000000001	53.7309	30.0723	22.5956	0.82023	38.1111	13.3288	27.0762	10.4671	0.36792	0.7806	767.22	29.2308	22.1237	17.2591	6.1196	
12566	Kraków	2022-01-27	16	0.7	7	230	93.0	0.5	1016.5	789.35	50.1146	32.2553	25.1794	1.11448	34.5498	15.1377	24.8535	9.72526	0.60516	0.80422	778.38	30.5585	23.7102	19.4032	7.14205	
12566	Kraków	2022-01-27	17	0.7	8	230	95.0	0.5	1016.3	813.9	43.6483	35.5403	27.9367	0.9824	39.4111	11.1077	26.0995	10.057	0.3924	0.65782	794.2099999999999	27.1574	25.7972	20.951	6.83866	
12566	Kraków	2022-01-27	18	1.1	8	230	93.0	0.5	1015.9	755.95	38.7079	31.0723	25.0447	1.0495	35.1415	12.7065	29.8879	10.1449	0.2268	0.79854	783.6999999999999	24.7078	26.6502	22.4586	6.83258	
12566	Kraków	2022-01-27	19	1.3	7	230	93.0	0.5	1015.7	704.47	28.2822	25.9367	21.1375	0.74145	34.4574	12.4839	37.5549	9.56048	0.28692	0.61081	740.34	19.0064	20.016	16.8995	5.39417	
12566	Kraków	2022-01-27	20	1.6	8	230	91.7	0.5	1015.1	694.98	29.4151	25.562	20.4761	0.66542	29.3104	14.3704	31.584	8.12261	0.30312	0.60655	748.67	19.2006	20.1304	16.6472	5.69815	
12566	Kraków	2022-01-27	21	1.8	8	230	89.7	0.5	1014.9	727.24	30.1542	23.4397	18.985	0.68399	27.8302	14.1861	21.7704	8.33467	0.34488	0.55026	796.91	25.5496	21.7964	17.5068	6.81975	
12566	Kraków	2022-01-27	22	2.3	9	240	87.2	0.5	1014.6	664.6300000000001	24.2921	20.9987	16.8269	0.67479	25.197	15.8189	20.7345	9.49029	0.23256	0.728	796.45	20.1084	18.6903	15.3241	7.70336	
12566	Kraków	2022-01-27	23	2.1	8	230	87.1	0.5	1014.1	611.98	17.2972	14.7607	12.1519	0.59794	20.0096	19.7227	19.7017	10.3925	0.63864	0.53316	759.17	15.365	14.3295	12.0588	7.37509	
12566	Kraków	2022-01-28	0	2.1	10	240	89.7	0.5	1013.6	585.7099999999999	15.0182	13.469	11.0683	0.46495	16.9164	21.582	17.6673	9.73782	0.4806	0.5422	733.36	11.9112	10.6669	8.90596	7.7433	
12566	Kraków	2022-01-28	1	2.3	9	240	87.8	0.5	1013.4	585.7099999999999	15.0182	13.469	11.0683	0.46495	16.9164	21.582	17.6673	9.73782	0.4806	0.5422	733.36	11.9112	10.6669	8.90596	7.7433	
12566	Kraków	2022-01-28	2	2.2	11	230	87.1	0.5	1012.8	517.46	10.8001	13.098	10.7689	0.3616	10.5043	27.3238	12.338	9.69718	0.0	0.32244	679.52	8.93606	11.0207	9.44186	5.27152	
12566	Kraków	2022-01-28	3	2.4	8	240	84.0	0.5	1012.7	500.53999999999996	9.95408	9.513	7.79278	0.32655	9.83618	27.934	10.1525	10.0149	0.0	0.42096	669.13	9.05267	8.4879	7.03712	6.03618	
12566	Kraków	2022-01-28	4	2.6	10	240	82.8	0.5	1012.6	492.59999999999997	11.284	8.22233	6.70694	0.31069	9.56797	28.7485	5.50117	10.238	0.0	0.37644	664.01	8.82519	6.22686	5.25073	5.84327	
12566	Kraków	2022-01-28	5	2.1	11	230	87.1	0.5	1012.6	520.78	16.9531	6.82767	5.34194	0.5243	11.7078	32.3721	4.97412	8.99006	0.0	0.33489	664.3299999999999	12.0254	5.23609	4.00941	5.2838	
12566	Kraków	2022-01-28	6	1.1	9	230	93.0	1.5	1013.3	570.43	30.0981	9.811	6.99444	0.34876	13.8827	38.1088	7.90297	4.97198	0.0	0.44596	659.44	13.7977	5.25343	3.49031	5.52848	
12566	Kraków	2022-01-28	7	1.2	8	230	95.0	1.5	1014.1	598.1800000000001	32.0887	9.539	7.27194	0.38871	20.4729	36.6352	7.24698	3.38411	0.0	0.33774	679.26	17.4343	6.05723	4.21716	4.81512	
12566	Kraków	2022-01-28	8	2.3	11	240	87.8	1.5	1014.1	546.6800000000001	34.2285	8.84933	6.92444	0.38415	20.7234	37.8124	5.40866	3.15579	0.0	0.24801	662.07	19.0653	6.67755	4.35081	5.74745	
12566	Kraków	2022-01-28	9	2.1	11	240	89.1	1.5	1015	536.23	32.1039	8.20947	6.33955	0.3683	18.8316	42.5427	5.53571	3.1521	0.0	0.2211	644.73	17.2717	8.16786	4.61496	4.83028	
12566	Kraków	2022-01-28	10	1.4	9	240	93.0	1.5	1015.8	534.0899999999999	29.6139	7.955	6.20806	0.26732	19.5428	43.8009	13.0697	1.87678	0.0	0.22194	629.19	15.911	7.17116	4.43262	4.57222	
12566	Kraków	2022-01-28	11	1.6	8	240	95.1	1.5	1016.2	573.3399999999999	32.4493	10.4768	8.38635	0.33183	22.1426	41.1005	7.6016	1.49477	0.0	0.14197	650.4499999999999	19.9199	9.09132	5.77295	4.23988	
12566	Kraków	2022-01-28	12	1.9	9	250	93.0	1.5	1016.8	572.11	32.0515	12.1032	9.74218	0.36533	24.8682	38.6261	4.56805	1.16227	0.0	0.32071	686.72	26.4929	11.3304	7.73925	5.03008	
12566	Kraków	2022-01-28	13	2.1	7	260	93.0	1.5	1017.3	593.94	39.4212	11.5756	9.34747	0.41354	26.9746	35.9397	3.21493	0.95834	0.00837	0.31443	704.74	31.1863	10.7956	7.7335	4.34974	
12566	Kraków	2022-01-28	14	2.6	7	260	89.1	1.5	1018.3	655.7199999999999	43.814	11.9658	9.71966	0.45559	31.9065	31.7912	3.67736	0.90662	0.40608	0.35698	732.8	30.985	9.49314	7.44156	5.86958	
12566	Kraków	2022-01-28	15	2.8	8	260	85.9	1.5	1019.1	669.11	38.3441	11.4861	9.15794	0.48587	27.0564	35.1946	6.18864	0.85342	0.46035	0.34845	683.6999999999999	20.9677	8.49024	5.76306	4.34651	
12566	Kraków	2022-01-28	16	2.3	5	270	87.8	1.5	1020.4	680.72	39.2438	11.5357	9.13384	0.46898	30.2733	33.1176	15.1008	0.0	0.2835	0.40141	757.42	29.3418	10.3887	7.27666	4.26285	
12566	Kraków	2022-01-28	17	2	6	270	87.8	1.5	1021.3	682.51	32.2538	12.0103	9.53957	0.47494	29.3396	33.0687	10.2851	2.03047	0.1944	0.37517	670.5600000000001	19.9278	10.6705	7.39525	4.27278	
12566	Kraków	2022-01-28	18	2.5	7	280	81.6	1.5	1022.1	662.3599999999999	31.172	12.278	9.8756	0.49177	28.0538	34.4267	8.05593	0.0	0.8748	0.5483	698.11	24.3303	10.3247	7.67503	5.08052	
12566	Kraków	2022-01-28	19	2.2	8	280	81.0	1.5	1022.6	564.8100000000001	26.3293	12.0982	9.72749	0.5231	22.091	37.7672	10.9991	0.0	0.405	0.45798	651.85	14.6587	9.30515	7.09526	4.5515	
12566	Kraków	2022-01-28	20	0.4	6	300	95.0	1.5	1024.3	547.49	24.7498	8.20024	6.39033	0.47891	17.2967	41.7798	10.027	0.0	0.0	0.4224	632.0	10.5989	8.61129	6.59651	3.99741	
12566	Kraków	2022-01-28	21	0.2	6	290	92.3	1.5	1025.4	538.0200000000001	28.9227	6.55157	4.68665	0.35179	16.9833	43.2159	9.0356	0.0	0.0	0.38915	595.68	7.58301	5.15564	3.5823	5.39476	
12566	Kraków	2022-01-28	22	0.4	6	260	87.0	1.5	1026.7	511.78999999999996	18.2044	8.49223	6.6727	0.35319	17.0322	41.8339	8.05426	0.0	0.1296	0.33718	605.7	8.587	5.76382	4.1533	3.74667	
12566	Kraków	2022-01-28	23	0.3	5	250	90.2	1.5	1027	594.92	23.4411	11.7229	9.0967	0.40661	19.871	37.542	7.58207	0.0	0.1296	0.43033	622.18	9.10962	8.00234	5.82485	5.03065	
12566	Kraków	2022-01-29	0	0.4	6	250	87.6	1.5	1027.5	593.7	20.9948	13.4422	10.6288	0.47975	18.3295	36.8783	7.01023	0.72042	0.09396	0.71185	644.9	10.329	9.4041	7.10822	5.75503	
12566	Kraków	2022-01-29	1	-0.4	5	260	83.7	1.5	1027.8	593.7	20.9948	13.4422	10.6288	0.47975	18.3295	36.8783	7.01023	0.72042	0.09396	0.71185	644.9	10.329	9.4041	7.10822	5.75503	
12566	Kraków	2022-01-29	2	-1	5	260	83.0	1.5	1027.5	566.2	23.0364	12.138	9.71862	0.37548	14.4414	40.4417	11.0427	0.11157	0.29538	0.59373	654.51	10.6445	10.7569	7.72271	6.09598	
12566	Kraków	2022-01-29	3	-1	5	260	83.0	1.5	1027.6	579.7600000000001	28.228	11.5879	9.23958	0.4437	14.4712	40.7803	10.3447	0.266	0.0	0.5242	639.83	12.2107	11.1629	7.98163	7.2253	
12566	Kraków	2022-01-29	4	-2.1	4	230	84.2	1.5	1027.5	480.15999999999997	15.1563	12.216	9.77758	0.34072	15.5573	39.6497	10.4215	0.45294	0.0	0.51885	607.93	11.8459	11.8544	8.96595	8.75594	
12566	Kraków	2022-01-29	5	-2.6	3	220	86.0	1.5	1027.3	525.13	27.4754	15.5726	12.379	0.30117	20.3761	34.103	6.62893	1.69132	0.12825	0.48932	638.4499999999999	15.9413	12.9537	9.8417	7.5633	
12566	Kraków	2022-01-29	6	-3	3	190	90.7	7	1027	599.89	38.6845	19.2564	15.2812	0.30117	31.0912	26.2069	11.0589	1.17631	0.6804	0.60024	645.15	17.9787	15.7569	11.7022	8.80582	
12566	Kraków	2022-01-29	7	-2.1	3	180	86.7	7	1026.6	652.65	48.7363	20.4246	16.156	0.60516	39.0537	22.0201	15.5474	1.2768	0.3861	0.63782	682.5400000000001	20.2221	17.298	12.8561	8.88337	
12566	Kraków	2022-01-29	8	-0.6	4	220	80.0	7	1026	699.1500000000001	41.6699	20.3782	15.8872	0.53835	32.427	27.9943	15.0433	3.37377	0.2862	0.61881	712.24	19.6118	16.1919	11.4903	10.1019	
12566	Kraków	2022-01-29	9	0.3	5	230	77.8	7	1025.2	724.3100000000001	47.1951	20.3114	15.7102	0.72693	36.5896	27.263	16.701	6.85689	0.42525	0.77593	721.29	18.3998	14.4424	10.0359	13.2586	
12566	Kraków	2022-01-29	10	2.2	6	230	73.0	7	1024.1	702.8	40.3289	26.4475	15.8251	0.78994	22.024	40.9696	24.0937	2.79817	0.30105	0.76765	707.0600000000001	20.4127	16.4082	11.5092	14.3835	
12566	Kraków	2022-01-29	11	2.4	6	220	69.9	7	1023.1	612.39	30.5001	37.1311	10.0541	0.62482	19.5301	44.8359	13.4002	1.41571	0.30105	0.6664	669.3	18.8996	11.8481	7.37321	11.2179	
12566	Kraków	2022-01-29	12	2.8	5	210	65.9	7	1021.7	655.1	39.6301	45.933	12.624	0.45611	21.7073	45.112	10.4525	0.15369	0.0	0.52145	636.26	13.7648	11.8552	5.19257	6.3696	
12566	Kraków	2022-01-29	13	2.7	6	210	68.9	7	1020.5	646.0	40.832	44.888	13.4863	0.63887	23.687	44.5092	12.6901	0.13448	0.43875	0.63978	643.7	16.7454	19.0283	6.56052	7.31362	
12566	Kraków	2022-01-29	14	1.1	5	210	89.0	7	1019.8	652.8199999999999	39.1235	25.4008	12.362	0.59668	25.8008	41.3409	14.4344	0.0	0.2133	0.52569	651.5999999999999	19.0047	15.9179	7.89228	7.76148	
12566	Kraków	2022-01-29	15	1.2	5	220	89.0	7	1018.5	691.52	44.1306	16.1026	12.8231	0.50004	31.6956	35.9297	19.8484	0.0	0.44955	0.5205	666.59	18.5161	13.0392	9.15302	5.68491	
12566	Kraków	2022-01-29	16	1.2	5	220	85.8	7	1017	754.24	49.2016	15.5793	12.6138	3.72082	29.6355	35.8914	9.43887	0.0	0.2943	0.5569	689.0600000000001	18.796	11.9892	9.08863	3.33588	
12566	Kraków	2022-01-29	17	0.5	4	210	95.0	7	1016.1	723.19	41.9286	16.7457	13.3777	0.76827	22.4017	38.2588	8.96356	0.22462	0.2943	0.52646	688.41	24.6356	12.0414	9.82156	8.31442	
12566	Kraków	2022-01-29	18	0.5	4	210	97.1	7	1014.6	745.5699999999999	43.8735	20.7337	14.7596	0.87162	22.4017	31.4194	8.70827	0.22462	1.0368	0.68172	732.0400000000001	28.271	14.967	11.3932	6.20533	
12566	Kraków	2022-01-29	19	1.1	5	230	95.7	7	1013.3	731.6	38.1136	17.7752	13.318	0.7963	27.7251	30.6568	7.64937	0.39826	0.71406	0.64946	762.9399999999999	26.8048	13.939	10.4466	5.40796	
12566	Kraków	2022-01-29	20	2.8	12	230	87.8	7	1012.1	647.42	26.5444	12.9509	10.1809	0.85757	23.5851	31.5894	6.65087	1.75043	0.5805	0.76668	724.24	14.3078	10.9382	8.78132	6.6577	
12566	Kraków	2022-01-29	21	3.3	11	220	87.9	7	1010.9	579.68	15.6418	11.1385	9.09254	0.5431	22.355	32.303	7.7424	2.69177	0.82719	0.49977	700.45	9.85381	8.87879	7.27068	6.03239	
12566	Kraków	2022-01-29	22	3.6	10	220	89.8	7	1010.1	631.95	17.4343	12.2425	10.018	0.44537	15.1292	36.535	7.35696	1.95141	0.027	0.42168	679.5600000000001	10.8628	9.97417	7.91362	7.04932	
12566	Kraków	2022-01-29	23	4.7	11	230	83.1	7	1008.1	553.01	14.9625	9.38133	7.49217	0.33974	13.8726	36.3997	5.50794	1.78294	0.71415	0.29758	691.25	16.7619	8.87689	7.22309	7.05444	
12566	Kraków	2022-01-30	0	5.3	13	230	80.8	7	1006.7	527.16	13.2358	4.71786	3.68304	0.28503	14.1909	35.5709	1.27831	2.63709	0.04725	0.30128	669.9000000000001	7.85301	5.39544	4.2345	6.4203	
12566	Kraków	2022-01-30	1	5.6	14	230	82.0	7	1006.4	527.16	13.2358	4.71786	3.68304	0.28503	14.1909	35.5709	1.27831	2.63709	0.04725	0.30128	669.9000000000001	7.85301	5.39544	4.2345	6.4203	
12566	Kraków	2022-01-30	2	4.9	13	240	88.0	7	1006.2	471.15000000000003	6.37758	2.83321	2.2122	0.16186	10.346	39.3487	2.61593	3.40702	0.0	0.01501	652.42	5.02406	2.10224	1.4299	5.91984	
12566	Kraków	2022-01-30	3	4.7	11	240	75.6	7	1006.6	480.81	5.48213	3.96514	3.17829	0.16566	9.90575	44.1204	0.40311	3.00358	0.0	0.0	643.89	5.02406	3.36675	2.267	4.81517	
12566	Kraków	2022-01-30	4	4.9	10	250	65.9	7	1006.2	434.5	6.3181	4.72354	3.34543	0.15652	8.42395	52.1241	0.40068	2.66296	0.0	0.0	643.89	4.38779	4.70709	2.3114	4.5913	
12566	Kraków	2022-01-30	5	2.8	15	250	81.7	7	1006.4	414.16999999999996	5.08061	4.11037	2.55244	0.11725	7.76113	57.0537	14.0886	2.13687	0.0	0.0	597.38	4.05817	5.64083	2.19581	4.67379	
12566	Kraków	2022-01-30	6	4	12	240	69.7	3.1	1005	426.46	7.37448	3.58157	2.61129	0.11551	8.59178	55.0855	10.0056	2.12652	0.0	0.0	607.89	4.2064	4.65959	1.73097	4.37428	
12566	Kraków	2022-01-30	7	4.6	13	250	63.9	3.1	1005	432.82	7.32349	5.18732	3.00585	0.12653	7.68539	55.0909	6.43891	2.52478	0.0	0.0	601.97	4.0152	6.14585	1.98807	4.44762	
12566	Kraków	2022-01-30	8	4.5	11	240	64.8	3.1	1004.5	446.1	12.0873	5.20049	3.31672	0.12226	8.36555	54.6943	4.28242	3.57105	0.0	0.069	595.42	4.09858	5.07158	1.87138	4.80853	
12566	Kraków	2022-01-30	9	3.7	14	240	74.9	3.1	1004.8	467.28	16.3086	5.71415	4.12388	0.16943	9.50726	53.4916	8.0339	2.51666	0.0	0.15016	606.85	4.84373	5.20343	2.39041	5.09362	
12566	Kraków	2022-01-30	10	3.7	12	240	74.9	3.1	1004.8	500.46999999999997	16.4287	6.07252	4.50685	0.24331	10.5348	51.6182	4.99315	3.46317	0.0	0.23414	642.71	6.41157	5.33841	3.05767	5.49647	
12566	Kraków	2022-01-30	11	3.3	13	260	78.8	3.1	1005.5	486.61	14.571	5.632	4.2703	0.26752	10.6254	52.4986	4.39111	1.83023	0.0	0.24952	636.48	6.98677	6.29392	2.98324	5.60067	
12566	Kraków	2022-01-30	12	2.8	11	250	86.6	3.1	1005.2	537.6999999999999	20.9757	6.98973	5.21601	0.24885	13.1753	51.4262	5.07516	1.27384	0.0	0.26738	659.04	8.94285	6.85659	3.53089	4.09776	
12566	Kraków	2022-01-30	13	3.6	13	250	78.8	3.1	1004.8	521.97	22.4602	7.04964	5.41747	0.39752	13.6527	50.3119	6.19021	1.28123	0.0	0.28536	657.92	9.98383	6.52318	3.72112	4.86027	
12566	Kraków	2022-01-30	14	3.3	13	260	84.1	3.1	1006.3	519.5699999999999	16.9382	6.48443	5.01262	0.25413	12.7743	51.4244	5.02506	1.63738	0.0	0.32176	646.89	8.21894	7.94969	4.14196	4.89245	
12566	Kraków	2022-01-30	15	2.9	13	250	86.0	3.1	1007.6	517.19	18.2734	6.64885	5.25664	0.24562	12.8858	51.6677	10.9758	1.18444	0.0	0.34586	654.97	9.36296	7.99471	4.75282	4.23111	
12566	Kraków	2022-01-30	16	3	13	250	84.7	3.1	1008.6	510.02000000000004	17.3291	8.27471	6.50941	0.30112	12.0536	50.9144	7.45502	2.27578	0.0	0.33061	665.77	11.3228	9.48099	5.43674	4.25026	
12566	Kraków	2022-01-30	17	3.6	10	240	77.7	3.1	1009.2	547.9000000000001	19.7924	10.7749	8.3354	0.29833	14.8982	48.4802	7.98062	2.36297	0.0	0.30503	671.0500000000001	12.0286	10.3661	5.68997	4.77146	
12566	Kraków	2022-01-30	18	3.9	12	260	72.8	3.1	1009.5	529.86	20.7914	11.4897	8.55706	0.3292	12.4588	50.8917	11.7164	1.66398	0.0	0.63623	658.13	11.472	13.4875	6.57019	4.91788	
12566	Kraków	2022-01-30	19	3.4	10	270	74.9	3.1	1010.3	506.66999999999996	17.0965	11.0819	8.26657	0.2636	11.0678	52.2897	9.87648	0.96277	0.0	0.35753	645.47	9.37889	14.3969	6.7329	5.3259	
12566	Kraków	2022-01-30	20	3.6	12	260	69.6	3.1	1010.7	499.78000000000003	18.061	13.419	9.66012	0.25516	12.2416	51.5551	11.8571	1.3034	0.0	0.38691	651.88	9.80166	15.6136	7.51688	5.83615	
12566	Kraków	2022-01-30	21	3	11	260	74.8	3.1	1011.3	496.76	14.8116	12.6153	9.31154	0.27316	10.7141	52.1949	19.819	1.63221	0.0	0.44288	631.34	8.06598	15.9896	7.40265	5.7519	
12566	Kraków	2022-01-30	22	2.7	10	250	75.9	3.1	1011.8	466.77000000000004	11.9102	12.1059	9.04559	0.23586	10.0656	52.0378	18.5288	0.49727	0.0	0.41645	628.1099999999999	6.60012	15.38	7.05389	5.99238	
12566	Kraków	2022-01-30	23	2.9	11	260	72.6	3.1	1012	479.83	9.07669	16.8097	10.0742	0.23668	8.99171	52.0132	15.6854	0.30738	0.0	0.36245	627.71	5.55914	14.9102	6.97191	6.22316	
12566	Kraków	2022-01-31	0	2.2	8	250	76.9	3.1	1013.1	445.01	7.13866	11.5154	8.77122	0.23452	8.46275	52.4918	16.9362	0.05394	0.0	0.33172	628.6500000000001	5.88471	13.8194	6.39645	7.20464	
12566	Kraków	2022-01-31	1	2	9	260	74.6	3.1	1013	445.01	7.13866	11.5154	8.77122	0.23452	8.46275	52.4918	16.9362	0.05394	0.0	0.33172	628.6500000000001	5.88471	13.8194	6.39645	7.20464	
12566	Kraków	2022-01-31	2	2.2	10	260	66.8	3.1	1012.7	426.71	6.71856	10.6594	7.67861	0.16542	7.13388	54.3054	17.7784	0.39604	0.0	0.25773	615.76	5.38918	14.0926	6.24229	5.71873	
12566	Kraków	2022-01-31	3	1.7	7	260	66.7	3.1	1011.9	437.75	8.00703	12.5812	7.68112	0.13062	7.28943	54.5564	12.1536	0.98642	0.0	0.15892	600.82	4.86763	11.6702	4.82064	5.30813	
12566	Kraków	2022-01-31	4	1.6	8	260	66.6	3.1	1011.6	430.63	12.5475	9.19024	6.28659	0.15147	9.25802	53.5759	9.65952	1.34847	0.0	0.30484	595.58	6.1269	10.7132	4.19672	4.99348	
12566	Kraków	2022-01-31	5	1.3	4	220	68.6	3.1	1011.2	467.15000000000003	21.3921	10.3933	7.11856	0.14999	15.1974	49.6917	11.2564	1.69279	0.0	0.16219	609.7099999999999	11.0174	11.7913	4.13556	5.81219	
12566	Kraków	2022-01-31	6	0.5	5	220	73.8	2.4	1010.3	684.31	55.4813	16.0559	10.3401	0.26595	24.02	43.5796	17.7352	2.4073	0.0	0.34457	651.44	22.0347	12.9038	4.99562	6.23096	
12566	Kraków	2022-01-31	7	0.6	5	230	75.0	2.4	1009.8	729.78	63.1457	19.5037	11.8979	0.56339	33.1004	37.5381	18.7987	2.21149	0.0	0.43099	693.5799999999999	30.8607	14.4898	5.9801	6.9672	
12566	Kraków	2022-01-31	8	1.5	6	250	71.8	2.4	1009.1	685.5799999999999	48.098	24.1718	12.3164	0.47762	33.4871	38.3716	23.2364	3.21786	0.5751	0.50055	696.04	32.649	17.2333	6.53194	7.52843	
12566	Kraków	2022-01-31	9	1.5	4	220	70.8	2.4	1008.3	666.57	61.6615	32.3891	14.0169	0.46312	33.3203	37.2297	19.807	6.9559	0.2835	0.53576	699.31	33.0633	16.3885	6.74638	8.80656	
12566	Kraków	2022-01-31	10	1.6	5	220	72.9	2.4	1007.2	810.59	66.0941	58.8032	20.1656	0.56393	36.2037	33.2499	20.376	6.33671	0.41328	0.57303	720.3000000000001	32.4599	18.6013	8.6316	10.2085	
12566	Kraków	2022-01-31	11	1.8	5	230	71.9	2.4	1006.6	840.15	67.7751	73.3766	24.523	0.98998	37.2851	32.4649	27.1475	6.02638	0.60516	0.66331	750.0	29.6822	25.033	11.5728	10.0811	
12566	Kraków	2022-01-31	12	2	5	240	70.9	2.4	1005.9	731.46	54.6264	66.0863	21.5166	0.72158	37.2851	32.135	31.325	6.02638	0.7776	0.85556	714.3000000000001	26.1896	27.1877	11.7064	10.5274	
12566	Kraków	2022-01-31	13	2.5	5	250	67.8	2.4	1005.2	680.7800000000001	56.2664	71.156	22.1616	0.57278	29.0279	35.3461	27.6309	5.93919	0.45576	0.54617	731.93	31.377	30.6071	10.4322	8.42075	
12566	Kraków	2022-01-31	14	2.2	4	240	67.8	2.4	1004.9	736.1	51.1672	57.1716	19.4955	0.66645	27.7405	37.8521	29.7522	6.96477	0.35316	0.69544	745.52	33.2364	34.4807	10.3358	7.50362	
12566	Kraków	2022-01-31	15	1.9	4	240	67.7	2.4	1004.5	917.59	76.7636	71.4808	21.9536	0.77124	34.0798	33.5572	34.4752	6.4904	0.57168	0.82938	768.66	36.4841	36.0366	9.02314	6.72293	
12566	Kraków	2022-01-31	16	1.4	2	250	72.9	2.4	1004.9	968.0699999999999	76.3148	61.3121	20.3994	1.18317	59.3182	15.5908	37.5197	7.98296	0.56448	1.0401	871.9	53.2604	37.6814	9.75762	6.39876	
12566	Kraków	2022-01-31	17	1.2	3	240	75.6	2.4	1005.2	951.28	78.2613	76.4282	23.4021	1.23811	64.282	12.378	42.4805	6.70542	0.8298	0.9397	855.1800000000001	54.9211	38.6707	10.5621	6.42017	
12566	Kraków	2022-01-31	18	0.6	0	0	76.7	2.4	1005.4	976.3199999999999	76.6797	78.6616	26.5775	1.10319	57.4614	14.9499	46.4414	8.59845	0.22572	1.0587	833.08	47.2445	34.7412	11.7978	7.3913	
12566	Kraków	2022-01-31	19	-0.1	1	230	83.1	2.4	1005.6	968.65	71.6177	64.3581	30.7855	1.25781	63.4784	9.76886	46.2902	7.32904	0.30312	1.17409	878.86	51.565	36.2212	15.7502	6.87707	
12566	Kraków	2022-01-31	20	-0.2	1	260	85.0	2.4	1006.2	1069.52	72.4027	61.5388	38.1665	1.66257	75.6626	2.75723	47.1798	6.96624	0.29763	1.75852	875.87	47.1605	38.9149	20.5445	8.42044	
12566	Kraków	2022-01-31	21	0	0	0	85.0	2.4	1006.7	1010.14	62.2632	63.041	43.1808	2.1469	70.0447	2.79567	56.1295	7.71178	0.60255	1.55501	932.01	47.373	42.2542	24.904	9.19784	
12566	Kraków	2022-01-31	22	-0.1	1	170	86.9	2.4	1007.2	1117.48	61.6066	65.4185	48.3808	2.18518	63.259	3.39681	52.3821	10.3134	0.68589	1.55457	980.1600000000001	52.1896	44.029	28.2825	6.33359	
12566	Kraków	2022-01-31	23	-0.6	1	220	88.8	2.4	1008	1023.79	50.2123	77.1029	59.6402	2.4531	54.0055	6.08793	63.246	11.9138	0.58131	1.57051	952.96	45.3505	42.2893	28.5878	6.06742	
12566	Kraków	2022-02-01	0	-0.5	1	220	92.2	2.4	1008.3	1074.77	42.5064	92.6954	72.6933	3.42711	38.36	14.6589	71.1461	12.7591	0.68256	2.1815	1026.6	38.3345	65.4512	48.0126	14.0306	
12566	Kraków	2022-02-01	1	-0.6	2	200	92.9	2.4	1008.6	1074.77	42.5064	92.6954	72.6933	3.42711	38.36	14.6589	71.1461	12.7591	0.68256	2.1815	1026.6	38.3345	65.4512	48.0126	14.0306	
12566	Kraków	2022-02-01	2	-0.5	2	210	94.3	2.4	1009	953.97	37.8224	82.0825	64.6644	2.77467	37.5177	10.7164	82.2334	14.7305	0.82332	2.61064	998.49	31.5379	67.0076	48.72	14.7594	
12566	Kraków	2022-02-01	3	-0.6	2	210	92.9	2.4	1009.6	945.4599999999999	41.2245	79.2729	62.7255	2.51669	37.9973	10.0758	74.7016	13.1611	0.82332	2.64216	1002.0500000000001	33.0457	67.3885	49.6403	16.095	
12566	Kraków	2022-02-01	4	-0.5	2	220	92.9	2.4	1010.1	955.6	45.2484	79.5889	62.559	2.51492	40.0888	7.11609	74.5804	13.1803	0.75015	2.53259	1009.3399999999999	34.0256	62.1179	45.1333	12.6116	
12566	Kraków	2022-02-01	5	-0.1	3	290	86.9	2.4	1010.6	1110.2399999999998	52.4366	83.4061	66.1637	2.63579	44.0743	4.32867	76.7007	13.7101	0.8802	2.53052	1096.3899999999999	46.5136	64.2642	47.3266	13.2947	
12566	Kraków	2022-02-01	6	-1	3	260	86.2	0.01	1011.4	895.02	50.2293	57.4782	45.2196	2.6827	47.3039	3.35629	77.1165	12.6387	0.9315	2.65025	1046.98	46.6225	54.232	40.1423	10.5521	
12566	Kraków	2022-02-01	7	-0.5	3	240	90.2	0.01	1012.1	957.48	66.2673	34.1626	25.8312	1.48738	52.9454	2.92846	77.469	9.73856	0.9315	2.13566	973.76	53.7357	34.7216	24.3444	8.91584	
12566	Kraków	2022-02-01	8	-0.1	4	240	85.6	0.01	1012.4	901.87	59.2077	42.8396	33.1244	1.15105	38.4418	12.9557	71.7199	12.932	0.75708	1.70092	871.73	46.7017	29.0399	19.1361	9.69111	
12566	Kraków	2022-02-01	9	0.3	5	240	85.7	0.01	1012.3	850.12	54.5377	44.6636	34.3662	1.15939	30.8634	21.6822	53.4378	14.0012	0.17163	1.23078	825.68	32.9135	33.2879	22.8296	11.1192	
12566	Kraków	2022-02-01	10	0.7	6	240	79.6	0.01	1012.4	718.82	42.1511	41.4901	30.2837	1.27757	24.4687	29.8097	44.0502	11.6634	0.3474	1.2499	777.06	26.8625	34.0383	23.9331	12.8928	
12566	Kraków	2022-02-01	11	1.3	7	230	71.8	0.01	1011.9	694.86	46.4244	65.0258	28.2954	0.78612	21.1102	35.5302	36.8108	9.83166	0.36252	1.06501	738.0100000000001	21.6922	29.9444	18.7405	9.30135	
12566	Kraków	2022-02-01	12	0.7	6	220	76.7	0.01	1011.6	648.38	46.3315	59.0905	25.0679	0.74089	18.3484	39.6277	24.6356	7.84626	0.66528	0.90172	712.02	21.3746	32.9226	15.762	8.96121	
12566	Kraków	2022-02-01	13	0.6	6	220	82.6	0.01	1011	681.8499999999999	48.1314	35.2943	20.9188	0.64365	24.6289	37.0843	27.6727	11.4158	0.80424	0.8019	726.38	21.2067	28.5223	15.323	9.28714	
12566	Kraków	2022-02-01	14	0.9	5	230	83.9	0.01	1010	754.49	53.3538	25.3333	18.4298	0.86926	28.2645	35.1043	22.4888	11.3966	0.80424	0.8661	750.87	23.9637	18.2101	13.0434	7.49735	
12566	Kraków	2022-02-01	15	1.3	6	230	82.1	0.01	1009	812.96	54.1521	27.2954	18.8547	1.03668	34.7649	31.6995	19.6775	13.4086	0.67275	1.08732	811.22	31.9931	21.3441	13.1367	8.73623	
12566	Kraków	2022-02-01	16	0.9	7	220	87.0	0.01	1008.8	803.53	43.3992	22.8695	17.1646	0.95022	28.0193	35.4684	23.9744	12.1991	0.51507	1.14426	797.3	27.4648	19.1778	12.972	9.16989	
12566	Kraków	2022-02-01	17	0.6	5	220	85.1	0.01	1007.7	795.13	53.1042	24.6449	19.9442	0.85423	25.7159	33.8267	13.8447	11.9264	0.6156	0.83298	760.7	24.1533	16.1729	12.3444	7.44693	
12566	Kraków	2022-02-01	18	0.5	4	210	80.8	0.01	1006.5	954.48	67.1419	25.391	20.609	1.01529	47.0968	18.7089	14.2065	10.1745	0.72756	1.1312	797.45	33.9539	17.3311	13.7239	10.0176	
12566	Kraków	2022-02-01	19	0.6	3	190	79.0	0.01	1005.2	898.12	54.336	25.8368	19.9716	1.12734	36.9951	28.3024	21.7924	10.5543	0.5184	1.08781	806.6	25.7106	17.6154	14.3464	6.84686	
12566	Kraków	2022-02-01	20	1	4	180	79.6	0.01	1003.4	634.35	32.0239	15.5572	12.477	0.89605	22.6561	39.6274	15.7669	9.2834	0.73044	1.04289	720.6	13.3203	11.0023	8.86994	6.22938	
